ITER= 5100
AOA= 2.72754851778966
SIDESLIP_ANGLE= 0
DCD_DCL_VALUE= 0.0946996099852489
DCMZ_DCL_VALUE= 0.0168393382055743
INITIAL_BCTHRUST= 4000
